 -9.044800727531E-18  6.799077641057E-17 -1.042792117996E-17
 -4.602737097808E-17  5.717610012347E-17 -6.841924679773E-18
  1.036435086621E-03  1.036004134635E-03  9.151500697512E-04
  5.021118047050E-04  5.022136106619E-04  4.117315443361E-04
  5.979456855887E-03  5.979647734361E-03  5.744356008542E-03
  4.042220244519E-03  4.042405601741E-03  3.864566048502E-03
  1.537427220125E-02  1.537456203512E-02  1.510311981699E-02
  1.226354423722E-02  1.226375989622E-02  1.205417605165E-02
  2.766973127875E-02  2.767000836290E-02  2.739940452463E-02
  2.441658982191E-02  2.441680999395E-02  2.419841328994E-02
  3.845893034157E-17 -3.223328236237E-16 -1.439433540561E-17
  3.960577789624E-17 -8.682415836074E-16  1.510855103721E-17
  1.039484143728E-03  1.039484143725E-03  1.039484143728E-03
  4.754931724939E-04  4.754931724934E-04  4.754931724939E-04
  5.890176582980E-03  5.890176582977E-03  5.890176582980E-03
  3.980571943916E-03  3.980571943914E-03  3.980571943916E-03
  1.527135827105E-02  1.527135827105E-02  1.527135827105E-02
  1.219024161191E-02  1.219024161191E-02  1.219024161191E-02
  2.757505466018E-02  2.757505466018E-02  2.757505466018E-02
  2.434253606447E-02  2.434253606447E-02  2.434253606447E-02
