  2.204240634705E-17  1.002049142245E-16 -2.762876970715E-17
  2.829878609648E-17 -2.015068175296E-16 -6.204165551814E-18
  1.002324352607E-03  1.001513950336E-03  1.133888161026E-03
  4.579551136836E-04  4.577066053198E-04  5.487600975186E-04
  5.795489761509E-03  5.795082445913E-03  6.032548785511E-03
  3.920518990566E-03  3.920288575494E-03  4.098083759346E-03
  1.516770491310E-02  1.516740481456E-02  1.543908184175E-02
  1.211692881579E-02  1.211670448220E-02  1.232629712669E-02
  2.748012510831E-02  2.747984578881E-02  2.775057389064E-02
  2.426834200487E-02  2.426811849448E-02  2.448659114110E-02
 -4.254096171907E-17  3.504576282081E-16  2.237751326173E-18
 -3.572514413810E-17  7.452044213161E-16  1.284655740500E-17
  1.039484143728E-03  1.039484143724E-03  1.039484143728E-03
  4.754931724939E-04  4.754931724932E-04  4.754931724939E-04
  5.890176582980E-03  5.890176582977E-03  5.890176582980E-03
  3.980571943916E-03  3.980571943915E-03  3.980571943916E-03
  1.527135827105E-02  1.527135827105E-02  1.527135827105E-02
  1.219024161191E-02  1.219024161191E-02  1.219024161191E-02
  2.757505466018E-02  2.757505466018E-02  2.757505466018E-02
  2.434253606447E-02  2.434253606447E-02  2.434253606447E-02
