  9.453028276919E-18  7.300389805984E-19 -6.922110768961E-18
 -3.083071757717E-16 -2.709206434480E-17 -3.711773043065E-15
  6.948217867766E-18  3.573036190428E-17 -5.780915867387E-17
  3.456766361105E-17  4.850792197672E-18 -1.974326037245E-17
 -3.497232364254E-17 -3.696951670115E-18  1.699642061957E-18
  3.214902738601E-17  4.353918163623E-17  1.264162833434E-16
 -3.980959609261E-17 -7.390173754685E-18 -4.411400400814E-18
  6.131438633713E-18 -1.158409269849E-17  4.642261745965E-17
  8.489282614391E-17  1.425363679097E-16  2.322319678374E-17
  3.825062933538E-17 -2.461526458790E-18  3.029915295638E-17
  2.049456177175E-19  1.031930597267E-19 -2.889682879198E-17
 -3.206274768543E-17  2.982730791573E-18  1.032349278474E-17
  1.688756334152E-17  1.770201158461E-17 -8.279038884324E-18
  1.763534524301E-17  3.570658579644E-17  1.872531661814E-17
 -3.395414678913E-17  6.409758954906E-17 -1.097540102786E-16
 -4.225993379477E-17  2.374347396708E-17 -3.430201222575E-16
 -1.409783335489E-18  2.536304648940E-17 -2.392785535239E-17
  5.585800268681E-17 -4.844824860803E-17 -2.232203567677E-17
  1.981528799326E-16 -1.160143527127E-16  2.484831706456E-16
  7.678470717207E-17  9.857667550345E-17  1.491088300340E-17
