 -5.627217545620E-19 -1.466325832953E-18  7.220477612451E-18
  5.787884309872E-16  9.361559701408E-17 -6.895227916363E-15
 -3.559889401386E-17 -4.922913058122E-17  6.275791076684E-17
 -7.511385284853E-18  1.622369711475E-19  2.628483686641E-18
  8.980841989040E-18 -3.041943209016E-17 -4.270258897898E-18
 -8.745878099792E-18  2.750755817698E-17 -2.921908829286E-17
 -8.354271617711E-19  2.576490933172E-17 -6.958147889276E-17
 -9.976641329187E-18 -2.496957521454E-17  8.530611084196E-17
  1.424701677663E-17 -5.822535711063E-17 -4.984870797965E-17
 -5.826358536245E-17 -5.428784717295E-17 -1.048060157577E-17
 -5.202392009037E-18 -5.037653900213E-19  2.595791538360E-18
 -7.065505167278E-18 -5.537138068849E-19  2.834485013152E-19
 -2.794578447835E-17 -1.634957062685E-17  4.351584258920E-17
  3.283900071158E-18 -3.266837217296E-17  7.983294405669E-18
 -6.405936129724E-17  2.907771369084E-17  7.331199683277E-18
  1.667385808987E-16 -1.365541126978E-16  7.015292132777E-17
 -3.537138929570E-17  3.027957263227E-17  4.570350674702E-17
  1.063677797041E-17  1.438053593909E-16 -1.102146140932E-16
  1.374128497692E-16  9.751467601991E-17  2.946125494418E-16
  1.054652200025E-16 -4.688741705802E-17 -8.808814855840E-18
