  2.092686916468E-18 -8.653910335671E-19  1.935188698946E-18
 -3.133037043760E-19  9.429358916122E-18  9.037251970387E-18
 -8.050314592901E-04  7.959716076879E-04  7.233540581533E-06
 -5.104503045200E-05  4.950744951015E-05 -1.231151967036E-06
 -2.682466327061E-03  2.683393267576E-03  1.491435167818E-06
 -1.491762292663E-03  1.492492805625E-03 -3.013936672901E-07
 -9.591034553577E-03  9.591984672903E-03  1.850345191370E-07
 -6.965116934881E-03  6.965863379094E-03 -1.012067938222E-07
 -2.340539196766E-02  2.340601928065E-02 -4.604917622439E-08
 -1.889493314294E-02  1.889546687401E-02 -1.103039454774E-07
  7.945931356676E-20 -5.740807057414E-20 -5.370205178035E-19
  4.265829657521E-18  2.827400500865E-18  3.957903263032E-18
 -3.924912593483E-04  3.924912593483E-04 -2.702550924547E-18
 -1.805010837251E-04  1.805010837251E-04  3.461987780866E-18
 -2.826863063854E-03  2.826863063854E-03 -2.133416170590E-17
 -1.754486738024E-03  1.754486738024E-03  2.205956609413E-17
 -9.810919955104E-03  9.810919955104E-03  6.873066719062E-17
 -7.189101093437E-03  7.189101093437E-03  2.742177770947E-17
 -2.356859965771E-02  2.356859965771E-02 -1.102460824712E-16
 -1.905063438900E-02  1.905063438900E-02  6.998567272605E-17
