 -1.200228819718E-18  1.472214925144E-18  3.775039867434E-19
 -4.200865525275E-18 -5.719979402948E-17  3.501847726364E-18
  1.116789954364E-03 -1.590463034609E-03 -3.103904736226E-04
  6.844778507526E-04 -1.764556102297E-03 -1.584022486308E-04
  3.364740986513E-03 -1.919930818182E-03 -2.723954816194E-03
  2.168886336640E-03 -1.738237442697E-03 -1.713458921797E-03
  1.017226306894E-02 -1.533351537515E-03 -9.734396006300E-03
  7.481583297731E-03 -1.327383887933E-03 -7.144869655394E-03
  2.381508757884E-02 -1.117329815075E-03 -2.349800757238E-02
  1.926177279390E-02 -9.815918925681E-04 -1.899953903114E-02
  1.299397838679E-19 -1.763858303354E-19  2.410554840578E-18
 -1.421788296501E-18 -3.592952007206E-17  9.827274090228E-20
  3.924912593483E-04 -1.327785312490E-17 -3.924912593483E-04
  1.805010837251E-04  6.924559894520E-18 -1.805010837251E-04
  2.826863063854E-03 -1.458680197079E-17 -2.826863063854E-03
  1.754486738024E-03 -1.070276976854E-16 -1.754486738024E-03
  9.810919955104E-03 -4.758535070628E-17 -9.810919955104E-03
  7.189101093437E-03  1.050270109687E-16 -7.189101093437E-03
  2.356859965771E-02  2.368526272629E-17 -2.356859965771E-02
  1.905063438900E-02 -1.996083713663E-16 -1.905063438900E-02
