 -1.243173415515E-18  1.134743366870E-18 -4.577075583635E-18
  5.933841599426E-18  1.250529537083E-17 -3.123061694590E-18
  1.592059659462E-03 -1.080142390856E-03  2.926159739777E-04
  1.775130956899E-03 -6.809975989479E-04  1.605699627198E-04
  1.926294601159E-03 -3.359160143883E-03  2.720477946550E-03
  1.744864021745E-03 -2.167587551133E-03  1.713961502277E-03
  1.538184631548E-03 -1.017088650391E-02  9.733862653313E-03
  1.331566394298E-03 -7.480848658477E-03  7.144902335489E-03
  1.120599266786E-03 -2.381453905357E-02  2.349784168244E-02
  9.843935418043E-04 -1.926134283774E-02  1.899946643015E-02
  4.449586968416E-19 -2.065914923190E-19 -7.035928678656E-19
  4.765707452020E-19  2.617611314036E-18  4.472226092224E-18
 -3.557620801838E-18 -3.924912593483E-04  3.924912593483E-04
  1.116043667569E-17 -1.805010837251E-04  1.805010837251E-04
  2.818874702539E-17 -2.826863063854E-03  2.826863063854E-03
  8.859849118761E-18 -1.754486738024E-03  1.754486738024E-03
 -4.868557844164E-17 -9.810919955104E-03  9.810919955104E-03
 -1.463395955003E-16 -7.189101093437E-03  7.189101093437E-03
  5.343336941860E-17 -2.356859965771E-02  2.356859965771E-02
  1.429503312298E-16 -1.905063438900E-02  1.905063438900E-02
