  4.973485602717E-19 -3.200625064297E-18 -2.326328982834E-18
  4.481186152920E-18 -5.670953342527E-18 -5.977127031846E-18
 -1.574580666215E-03  3.421617384859E-04  4.678643840988E-04
 -1.776788444423E-03  3.103675777475E-04  2.037014419694E-04
 -1.921066111910E-03 -2.284118103161E-03  2.921968430093E-03
 -1.745422629089E-03 -1.343673950751E-03  1.795369747764E-03
 -1.537209467539E-03 -9.449052239318E-03  9.885620799519E-03
 -1.331701500789E-03 -6.897575867037E-03  7.233075220587E-03
 -1.120440189411E-03 -2.332217902475E-02  2.363870830280E-02
 -9.844243257521E-04 -1.883983444397E-02  1.910155415095E-02
  6.204041998967E-19  2.816836284631E-18 -6.864302193035E-18
  4.415386696460E-19  1.053404868963E-17  3.455708673955E-18
  3.935645144906E-18 -3.924912593483E-04  3.924912593483E-04
 -3.358491782031E-18 -1.805010837251E-04  1.805010837251E-04
 -2.338263656573E-17 -2.826863063854E-03  2.826863063854E-03
  1.515144127096E-17 -1.754486738024E-03  1.754486738024E-03
 -5.359414426184E-18 -9.810919955104E-03  9.810919955104E-03
 -1.606351141565E-16 -7.189101093437E-03  7.189101093437E-03
  4.162590425236E-17 -2.356859965771E-02  2.356859965771E-02
  3.346184149737E-17 -1.905063438900E-02  1.905063438900E-02
