 -1.128223992136E-18  2.679761851616E-17  4.445665967996E-18
  2.952545634756E-18  1.020120372674E-17 -4.796713207290E-18
 -3.391194937435E-04  1.559033914048E-03 -4.855563966525E-04
 -3.128710042276E-04  1.768637665376E-03 -2.015802077542E-04
  2.286306827117E-03  1.911835415739E-03 -2.925390642934E-03
  1.342452099043E-03  1.739401110100E-03 -1.794831511675E-03
  9.448701683801E-03  1.531960502484E-03 -9.886042784038E-03
  6.896842446672E-03  1.327620228509E-03 -7.232942784828E-03
  2.332181800835E-02  1.117100460168E-03 -2.363870964679E-02
  1.883943749614E-02  9.816341994916E-04 -1.910147543655E-02
  6.062573176368E-19  5.777474675687E-17  2.248940082804E-18
  8.514580836669E-19  3.614549605083E-17 -6.504149520285E-18
  3.924912593483E-04 -4.561749318042E-17 -3.924912593483E-04
  1.805010837251E-04  1.292208151226E-17 -1.805010837251E-04
  2.826863063854E-03  1.463433423534E-16 -2.826863063854E-03
  1.754486738024E-03 -4.997085190621E-17 -1.754486738024E-03
  9.810919955104E-03 -6.336565838612E-17 -9.810919955104E-03
  7.189101093437E-03  1.299163828265E-16 -7.189101093437E-03
  2.356859965771E-02  1.889408036398E-17 -2.356859965771E-02
  1.905063438900E-02 -1.912829833612E-16 -1.905063438900E-02
