  1.208465477170E-18  3.890720146785E-18 -1.634490864492E-18
  4.662067659245E-18  1.483202644584E-17  2.284371145468E-20
 -1.927375813774E-05  2.276674919978E-05  7.120081020510E-06
 -3.151341845381E-04  3.117007747547E-04 -1.334210470465E-06
 -2.976743945588E-03  2.974837450246E-03  1.432858115968E-06
 -2.017257298579E-03  2.015441378628E-03 -3.194344941941E-07
 -1.003117274216E-02  1.003014010372E-02  2.374171750227E-07
 -7.412818528277E-03  7.411909312982E-03 -1.922011359698E-09
 -2.373175094362E-02  2.373110192923E-02  1.171227100381E-07
 -1.920620693899E-02  1.920563450821E-02  9.850700382937E-08
  7.451411269045E-19  4.743789590576E-18  3.365950953118E-18
 -4.574299960324E-18  1.171727868892E-17  1.176931906802E-18
 -3.924912593483E-04  3.924912593483E-04  6.353348973559E-18
 -1.805010837251E-04  1.805010837251E-04  1.356450262215E-17
 -2.826863063854E-03  2.826863063854E-03 -6.312323532579E-18
 -1.754486738024E-03  1.754486738024E-03  2.736117194439E-17
 -9.810919955104E-03  9.810919955104E-03  8.966296605420E-17
 -7.189101093437E-03  7.189101093437E-03  6.631016617281E-17
 -2.356859965771E-02  2.356859965771E-02 -3.722033132895E-17
 -1.905063438900E-02  1.905063438900E-02  2.136264641549E-16
