  3.250438819450E-17  4.798606508008E-18
  2.439349923709E-17  2.549073034381E-17
  2.670606708651E-03 -3.585830637486E-03
  7.797896862865E-04 -1.317128818821E-03
 -1.410383889004E-04 -2.306325445516E-03
 -5.436300480284E-04 -1.433678558399E-03
 -1.098194965716E-03 -1.905318501338E-03
 -1.358299507053E-03 -1.796981963943E-03
  1.136788775506E-03  6.253572483092E-04
 -1.668115143159E-04 -5.305283343699E-04
  5.669728871873E-17  1.770816917800E-19
 -7.832129641605E-20  1.516076523482E-18
 -4.347732068338E-04 -4.347732068337E-04
 -2.625715907426E-04 -2.625715907426E-04
 -1.219437953861E-03 -1.219437953861E-03
 -9.878536580738E-04 -9.878536580737E-04
 -1.501179345143E-03 -1.501179345143E-03
 -1.577519801501E-03 -1.577519801501E-03
  8.812193140562E-04  8.812193140563E-04
 -3.486054713558E-04 -3.486054713558E-04
