 -1.407485910794E-15  1.595665878983E-16 -9.626895919299E-01
  4.591716537885E-16  1.632663367576E-16 -9.929570930810E-01
  2.130041598231E-03  2.092254809664E-03 -9.938061357010E-01
  1.225193603924E-03  1.221147223433E-03 -9.967704915136E-01
  6.664296053462E-03  6.659614558340E-03 -9.819706664549E-01
  5.062789988372E-03  5.062220164163E-03 -9.867500598485E-01
  1.337269315692E-02  1.337230793847E-02 -9.576423103675E-01
  1.116947216921E-02  1.116941408711E-02 -9.662701651127E-01
  2.231579689699E-02  2.231574524591E-02 -9.144320838875E-01
  1.936239341136E-02  1.936237442333E-02 -9.292271998389E-01
  1.407277054003E-15  1.455433462543E-16 -1.000000000000E+00
 -3.117989458250E-16  1.344382721990E-16 -1.000000000000E+00
  2.062939310286E-03  2.062939310287E-03 -9.949438426917E-01
  1.224974232249E-03  1.224974232250E-03 -9.970448087641E-01
  6.656404211722E-03  6.656404211724E-03 -9.819983028543E-01
  5.063116537651E-03  5.063116537651E-03 -9.867633606848E-01
  1.337187677654E-02  1.337187677654E-02 -9.576426703188E-01
  1.116934326937E-02  1.116934326937E-02 -9.662713004308E-01
  2.231563412696E-02  2.231563412696E-02 -9.144322114758E-01
  1.936228460651E-02  1.936228460651E-02 -9.292274509912E-01
