 -2.884393697903E-20 -1.449524325343E-18
  6.699745446922E-18  2.286563570590E-18
  1.643323960154E-03 -2.449030686628E-03
  4.289903134157E-04 -9.546828430716E-04
 -4.786443921066E-04 -1.953580877408E-03
 -6.819679434176E-04 -1.293559736641E-03
 -1.226650652164E-03 -1.775338728927E-03
 -1.427375417759E-03 -1.727665715738E-03
  1.032505262924E-03  7.298579164081E-04
 -2.392167943862E-04 -4.580468689057E-04
 -7.746085451039E-19  2.275896306733E-19
  1.420039695734E-18  9.193428365026E-19
 -4.347732068337E-04 -4.347732068337E-04
 -2.625715907426E-04 -2.625715907426E-04
 -1.219437953861E-03 -1.219437953861E-03
 -9.878536580737E-04 -9.878536580737E-04
 -1.501179345143E-03 -1.501179345143E-03
 -1.577519801502E-03 -1.577519801502E-03
  8.812193140562E-04  8.812193140561E-04
 -3.486054713553E-04 -3.486054713554E-04
