 -9.531720780384E-01 -2.326474276333E-02 -2.227079004804E-02
 -9.907823024630E-01 -4.457965484984E-03 -4.355633389575E-03
 -9.932698416921E-01  1.129038162518E-03  1.133176143137E-03
 -9.967142624319E-01  1.064559258376E-03  1.085035465865E-03
 -9.819374311402E-01  6.614863145156E-03  6.614985554557E-03
 -9.867483211378E-01  5.057317254263E-03  5.058510433738E-03
 -9.576381043586E-01  1.336990368550E-02  1.336925235687E-02
 -9.662690680876E-01  1.116941357961E-02  1.116895111365E-02
 -9.144307892177E-01  2.231567350162E-02  2.231525525870E-02
 -9.292264475304E-01  1.936245565469E-02  1.936212831230E-02
 -1.000000000000E+00 -9.076319378957E-17 -1.563845055125E-15
 -1.000000000000E+00 -2.345746137570E-17 -2.026597111035E-15
 -9.949438426917E-01  2.062939310287E-03  2.062939310286E-03
 -9.970448087641E-01  1.224974232250E-03  1.224974232252E-03
 -9.819983028543E-01  6.656404211724E-03  6.656404211724E-03
 -9.867633606848E-01  5.063116537651E-03  5.063116537651E-03
 -9.576426703188E-01  1.337187677654E-02  1.337187677654E-02
 -9.662713004308E-01  1.116934326937E-02  1.116934326937E-02
 -9.144322114758E-01  2.231563412696E-02  2.231563412696E-02
 -9.292274509912E-01  1.936228460651E-02  1.936228460651E-02
