 -2.326474276333E-02 -9.531720780384E-01 -2.227079004804E-02
 -4.739696125942E-03 -9.907874366228E-01 -4.355633389576E-03
  1.148774682907E-03 -9.932855512583E-01  1.146762835576E-03
  1.068583640374E-03 -9.967145540478E-01  1.086186153311E-03
  6.621865577133E-03 -9.819405919773E-01  6.617362349644E-03
  5.058074819876E-03 -9.867483427700E-01  5.058700500755E-03
  1.337058129167E-02 -9.576385763126E-01  1.336954440898E-02
  1.116950119288E-02 -9.662690765720E-01  1.116898087076E-02
  2.231577529093E-02 -9.144308959493E-01  2.231530520730E-02
  1.936249189538E-02 -9.292264686345E-01  1.936214561671E-02
 -8.348304280842E-17 -1.000000000000E+00  1.668467388794E-16
  8.468023976792E-18 -1.000000000000E+00  1.461997533100E-16
  2.062939310287E-03 -9.949438426917E-01  2.062939310287E-03
  1.224974232250E-03 -9.970448087641E-01  1.224974232250E-03
  6.656404211724E-03 -9.819983028543E-01  6.656404211724E-03
  5.063116537651E-03 -9.867633606848E-01  5.063116537651E-03
  1.337187677654E-02 -9.576426703188E-01  1.337187677654E-02
  1.116934326937E-02 -9.662713004308E-01  1.116934326937E-02
  2.231563412696E-02 -9.144322114758E-01  2.231563412696E-02
  1.936228460651E-02 -9.292274509912E-01  1.936228460651E-02
