  3.289963027991E-18 -4.712799912883E-18
  2.047542463448E-18 -3.602779635138E-18
 -3.753985733335E-04 -4.362170280289E-04
 -2.489006288620E-04 -2.693457008316E-04
 -1.160641187117E-03 -1.273042697121E-03
 -9.595995036629E-04 -1.016913061570E-03
 -1.426987798125E-03 -1.576565507413E-03
 -1.530685005233E-03 -1.625609095274E-03
  9.776971028512E-04  7.837694876573E-04
 -2.795542084374E-04 -4.184215800616E-04
 -8.661962425060E-19  4.009304459393E-20
 -2.793625142022E-19  9.832623475682E-19
 -4.347732068337E-04 -4.347732068337E-04
 -2.625715907426E-04 -2.625715907425E-04
 -1.219437953861E-03 -1.219437953861E-03
 -9.878536580736E-04 -9.878536580736E-04
 -1.501179345142E-03 -1.501179345142E-03
 -1.577519801501E-03 -1.577519801501E-03
  8.812193140560E-04  8.812193140560E-04
 -3.486054713552E-04 -3.486054713550E-04
