 -9.972934238430E-19 -9.253504704912E-19
 -1.777823378941E-19 -5.851203555811E-18
  3.256493188186E-03  2.386185839777E-03
  1.897478445881E-03  1.620728412441E-03
  9.495943242137E-03  9.141381076820E-03
  7.191204453759E-03  7.077312875769E-03
  1.802428688948E-02  1.793092165198E-02
  1.526910508925E-02  1.525256115051E-02
  2.614458059698E-02  2.613238371231E-02
  2.386672762705E-02  2.388111727948E-02
  3.671108294371E-19  1.679162619753E-19
  5.165475977915E-19  2.605115502219E-18
  2.933272233550E-03  2.933272233550E-03
  1.745629321830E-03  1.745629321830E-03
  9.329259075286E-03  9.329259075286E-03
  7.132823892690E-03  7.132823892691E-03
  1.797822681348E-02  1.797822681348E-02
  1.526063101976E-02  1.526063101976E-02
  2.613841838009E-02  2.613841838009E-02
  2.387383840268E-02  2.387383840268E-02
