  1.877970763575E-18 -2.031930533236E-19
  1.581799669345E-17  2.253449464316E-17
  1.674801487256E-03 -2.447334413522E-03
  4.320531708646E-04 -9.527025732834E-04
 -4.760232317269E-04 -1.951200375234E-03
 -6.815967308682E-04 -1.293053496823E-03
 -1.226539799798E-03 -1.774931786768E-03
 -1.427432590092E-03 -1.727486139386E-03
  1.032377857923E-03  7.300749825036E-04
 -2.393382636313E-04 -4.578805533381E-04
  4.605235034586E-18  2.600649701256E-19
 -2.243345704488E-18  1.435890434294E-19
 -4.347732068337E-04 -4.347732068337E-04
 -2.625715907425E-04 -2.625715907425E-04
 -1.219437953861E-03 -1.219437953861E-03
 -9.878536580736E-04 -9.878536580736E-04
 -1.501179345142E-03 -1.501179345142E-03
 -1.577519801502E-03 -1.577519801502E-03
  8.812193140559E-04  8.812193140561E-04
 -3.486054713551E-04 -3.486054713550E-04
