  8.091798583715E-20 -1.528486336768E-18
  1.581045721666E-19  7.954114017131E-18
  2.668051207575E-03 -3.549037254809E-03
  7.813174441124E-04 -1.314442498536E-03
 -1.388895580568E-04 -2.303574003549E-03
 -5.433009853002E-04 -1.433354515573E-03
 -1.098014373199E-03 -1.905037513428E-03
 -1.358274592525E-03 -1.796931590067E-03
  1.136710778917E-03  6.255011549748E-04
 -1.668590429690E-04 -5.304542436470E-04
 -1.253580841209E-19  2.780075451552E-19
  1.609316162073E-18  2.448472909387E-18
 -4.347732068337E-04 -4.347732068337E-04
 -2.625715907426E-04 -2.625715907426E-04
 -1.219437953861E-03 -1.219437953861E-03
 -9.878536580737E-04 -9.878536580737E-04
 -1.501179345143E-03 -1.501179345143E-03
 -1.577519801501E-03 -1.577519801501E-03
  8.812193140560E-04  8.812193140561E-04
 -3.486054713557E-04 -3.486054713558E-04
