 -5.055630544599E-01 -5.055630544599E-01 -5.215859124802E-01
 -5.191965940973E-01 -5.191965940973E-01 -5.280433787129E-01
 -5.214730529027E-01 -5.214614533286E-01 -5.234675621053E-01
 -5.233042956217E-01 -5.233085359355E-01 -5.236726066966E-01
 -5.171362340048E-01 -5.171352275853E-01 -5.172105733235E-01
 -5.191065712700E-01 -5.191074927906E-01 -5.191231882712E-01
 -5.078387961427E-01 -5.078387975572E-01 -5.078425075321E-01
 -5.110281996553E-01 -5.110283505252E-01 -5.110297130405E-01
 -4.924860426467E-01 -4.924860519865E-01 -4.924867173085E-01
 -4.974826896994E-01 -4.974827258231E-01 -4.974831643700E-01
 -5.248666234779E-01 -5.248666234779E-01 -5.248666234779E-01
 -5.248666234779E-01 -5.248666234779E-01 -5.248666234779E-01
 -5.226020917881E-01 -5.226020917881E-01 -5.226020917881E-01
 -5.235309540319E-01 -5.235309540320E-01 -5.235309540320E-01
 -5.171769943310E-01 -5.171769943310E-01 -5.171769943310E-01
 -5.191182912055E-01 -5.191182912055E-01 -5.191182912055E-01
 -5.078418271330E-01 -5.078418271330E-01 -5.078418271330E-01
 -5.110300252116E-01 -5.110300252116E-01 -5.110300252116E-01
 -4.924870419111E-01 -4.924870419111E-01 -4.924870419111E-01
 -4.974834651866E-01 -4.974834651866E-01 -4.974834651866E-01
