  1.645215803254E-18 -5.303939221547E-18
  2.806513121575E-18  1.641017639193E-18
  2.918553212172E-03  2.918872043668E-03
  1.736097544603E-03  1.736111555834E-03
  9.327174808220E-03  9.327091032458E-03
  7.130110735788E-03  7.130066927996E-03
  1.797751067094E-02  1.797732496482E-02
  1.525984460721E-02  1.525973582953E-02
  2.613818023391E-02  2.613793553550E-02
  2.387358915621E-02  2.387342266848E-02
 -4.941700845298E-20 -3.052665767454E-18
 -7.548846710139E-19 -5.883487385980E-18
  2.933272233550E-03  2.933272233550E-03
  1.745629321830E-03  1.745629321830E-03
  9.329259075286E-03  9.329259075286E-03
  7.132823892690E-03  7.132823892691E-03
  1.797822681348E-02  1.797822681348E-02
  1.526063101976E-02  1.526063101976E-02
  2.613841838009E-02  2.613841838009E-02
  2.387383840268E-02  2.387383840268E-02
