  2.840547969985E-18 -1.344984166993E-18
  8.259167186349E-18 -1.021906438952E-18
 -4.709793661985E-04 -4.093013081296E-04
 -2.739473212542E-04 -2.534167782187E-04
 -1.278207475546E-03 -1.165370259746E-03
 -1.017817495028E-03 -9.602205594624E-04
 -1.577400394808E-03 -1.427130492436E-03
 -1.625956181427E-03 -1.530534549710E-03
  7.832535401579E-04  9.780576755365E-04
 -4.187898351600E-04 -2.792571351109E-04
  5.771533628754E-19 -7.860101533182E-19
  6.698170066494E-19 -1.484674336375E-18
 -4.347732068337E-04 -4.347732068337E-04
 -2.625715907426E-04 -2.625715907426E-04
 -1.219437953861E-03 -1.219437953861E-03
 -9.878536580737E-04 -9.878536580737E-04
 -1.501179345143E-03 -1.501179345143E-03
 -1.577519801502E-03 -1.577519801502E-03
  8.812193140562E-04  8.812193140563E-04
 -3.486054713556E-04 -3.486054713554E-04
