 -4.404442121260E-18 -2.882910323535E-19
 -2.268215302530E-17 -3.241235701001E-17
  3.292998844488E-03  2.374091179410E-03
  1.899434438656E-03  1.619259273978E-03
  9.497988136161E-03  9.142714499662E-03
  7.191165576574E-03  7.077227874592E-03
  1.802434524089E-02  1.793113448694E-02
  1.526903800633E-02  1.525258438300E-02
  2.614441885939E-02  2.613256288287E-02
  2.386661354787E-02  2.388122060226E-02
  2.974749261947E-18  1.235835952899E-19
  2.838214598696E-18  2.765487680595E-18
  2.933272233550E-03  2.933272233550E-03
  1.745629321830E-03  1.745629321830E-03
  9.329259075286E-03  9.329259075286E-03
  7.132823892690E-03  7.132823892690E-03
  1.797822681348E-02  1.797822681348E-02
  1.526063101976E-02  1.526063101976E-02
  2.613841838009E-02  2.613841838009E-02
  2.387383840268E-02  2.387383840268E-02
