 -4.229658892682E-17  2.866012035904E-18  4.917020805169E-01
 -7.228691704662E-16 -1.121883710694E-16  1.866015000029E-01
  7.165092869273E-02  7.245935388858E-02  1.620829355498E-01
  8.977613930781E-02  8.986718690584E-02  1.267086186601E-01
  1.559115570808E-01  1.559783209107E-01  1.723544500937E-01
  1.757398977844E-01  1.757459288041E-01  1.827966518135E-01
  2.372263310202E-01  2.372311509156E-01  2.403744543595E-01
  2.602493159115E-01  2.602495434808E-01  2.617561528117E-01
  3.166913026062E-01  3.166917401475E-01  3.174554480715E-01
  3.448872026204E-01  3.448871498824E-01  3.453600378661E-01
  0.000000000000E+00  0.000000000000E+00  0.000000000000E+00
  0.000000000000E+00  0.000000000000E+00  0.000000000000E+00
  7.319495074266E-02  7.319495074266E-02  7.319495074266E-02
  9.011654036222E-02  9.011654036222E-02  9.011654036222E-02
  1.563488428442E-01  1.563488428442E-01  1.563488428442E-01
  1.760100346419E-01  1.760100346419E-01  1.760100346419E-01
  2.374384349307E-01  2.374384349307E-01  2.374384349307E-01
  2.604219437791E-01  2.604219437791E-01  2.604219437791E-01
  3.168202499573E-01  3.168202499573E-01  3.168202499573E-01
  3.449992330402E-01  3.449992330402E-01  3.449992330402E-01
