 -8.591345260816E-18  6.046857813394E-19 -3.975704061888E-01
  2.690774347211E-16  1.256146001193E-17 -2.059954253924E-01
  7.255806326092E-02  7.335761964479E-02 -1.087066092533E-02
  9.035039343262E-02  9.043885139534E-02  5.236472911097E-02
  1.566136452902E-01  1.566794424395E-01  1.406365563519E-01
  1.762792151604E-01  1.762852661659E-01  1.691502480704E-01
  2.376393646327E-01  2.376443108057E-01  2.345224456130E-01
  2.605955919055E-01  2.605961846582E-01  2.590828402785E-01
  3.169484791207E-01  3.169492885692E-01  3.161868982674E-01
  3.451115489724E-01  3.451119190618E-01  3.446381862057E-01
  0.000000000000E+00  0.000000000000E+00  0.000000000000E+00
  0.000000000000E+00  0.000000000000E+00  0.000000000000E+00
  7.319495074266E-02  7.319495074266E-02  7.319495074266E-02
  9.011654036222E-02  9.011654036222E-02  9.011654036222E-02
  1.563488428442E-01  1.563488428442E-01  1.563488428442E-01
  1.760100346419E-01  1.760100346419E-01  1.760100346419E-01
  2.374384349307E-01  2.374384349307E-01  2.374384349307E-01
  2.604219437791E-01  2.604219437791E-01  2.604219437791E-01
  3.168202499573E-01  3.168202499573E-01  3.168202499573E-01
  3.449992330402E-01  3.449992330402E-01  3.449992330402E-01
