 -7.133274784834E-18 -2.493400269882E-19  1.183052934021E-01
  1.108469869282E-16  1.595926182482E-17  4.568961643934E-02
 -1.717081555709E-02 -1.712134432662E-02  4.310374778971E-03
 -1.303777197886E-02 -1.304094781150E-02 -4.176955720490E-03
 -3.200096998257E-02 -3.199627436796E-02 -2.796426010032E-02
 -2.744851217958E-02 -2.744914913524E-02 -2.563294642167E-02
 -4.899126131225E-02 -4.899103233659E-02 -4.807385889754E-02
 -4.369122274949E-02 -4.369145652405E-02 -4.319093644102E-02
 -7.026528090836E-02 -7.026540679240E-02 -6.994146296096E-02
 -6.371303540722E-02 -6.371320159540E-02 -6.347923831666E-02
 -4.501663029609E-18 -3.327220399498E-19 -2.521199827488E-18
 -1.920598024544E-18 -1.430777180112E-18  1.439620019838E-18
 -1.694235769483E-02 -1.694235769483E-02 -1.694235769483E-02
 -1.296489674172E-02 -1.296489674172E-02 -1.296489674172E-02
 -3.185678145442E-02 -3.185678145442E-02 -3.185678145442E-02
 -2.734509659745E-02 -2.734509659745E-02 -2.734509659745E-02
 -4.888089994269E-02 -4.888089994269E-02 -4.888089994269E-02
 -4.360370383258E-02 -4.360370383258E-02 -4.360370383258E-02
 -7.018540482536E-02 -7.018540482536E-02 -7.018540482536E-02
 -6.364585432897E-02 -6.364585432897E-02 -6.364585432897E-02
