  2.170454048799E-18 -4.961661077332E-19 -9.832985845654E-02
 -8.281726983555E-17 -8.970995197663E-18 -5.030289053590E-02
 -1.696258846430E-02 -1.691343504654E-02 -3.698137287045E-02
 -1.287385193583E-02 -1.287698975213E-02 -2.201636419501E-02
 -3.173674415307E-02 -3.173175646807E-02 -3.567429928877E-02
 -2.723988922031E-02 -2.724019419367E-02 -2.907410395655E-02
 -4.877269522046E-02 -4.877207026339E-02 -4.968317769895E-02
 -4.351616412147E-02 -4.351602647312E-02 -4.401790919608E-02
 -7.010581988644E-02 -7.010558115616E-02 -7.042914814242E-02
 -6.357874994655E-02 -6.357857911516E-02 -6.381272972483E-02
 -7.779222686914E-21  7.335906563839E-20  2.185537128562E-18
 -4.659688041918E-18  7.679564674796E-19  2.901617552937E-18
 -1.694235769483E-02 -1.694235769483E-02 -1.694235769483E-02
 -1.296489674172E-02 -1.296489674172E-02 -1.296489674172E-02
 -3.185678145442E-02 -3.185678145442E-02 -3.185678145442E-02
 -2.734509659745E-02 -2.734509659745E-02 -2.734509659745E-02
 -4.888089994269E-02 -4.888089994269E-02 -4.888089994269E-02
 -4.360370383258E-02 -4.360370383258E-02 -4.360370383258E-02
 -7.018540482536E-02 -7.018540482536E-02 -7.018540482536E-02
 -6.364585432897E-02 -6.364585432897E-02 -6.364585432897E-02
