 -1.512434274660E+00  0.000000000000E+00 -1.512434274660E+00
 -1.562341956945E+00  0.000000000000E+00 -1.562341956945E+00
 -1.554468090670E+00 -1.455488214395E-02 -1.569022972813E+00
 -1.563450822020E+00 -1.126163289392E-02 -1.574712454913E+00
 -1.511370439319E+00 -5.516706078299E-02 -1.566537500102E+00
 -1.527744223904E+00 -4.736720031248E-02 -1.575111424216E+00
 -1.430318822900E+00 -1.269957387137E-01 -1.557314561614E+00
 -1.458563024451E+00 -1.132863919300E-01 -1.571849416381E+00
 -1.291925341497E+00 -2.431295306157E-01 -1.535054872113E+00
 -1.338215515590E+00 -2.204759424129E-01 -1.558691458003E+00
 -1.574599870434E+00  0.000000000000E+00 -1.574599870434E+00
 -1.574599870434E+00  0.000000000000E+00 -1.574599870434E+00
 -1.556434678396E+00 -1.467251216373E-02 -1.571107190560E+00
 -1.563934397264E+00 -1.122792993577E-02 -1.575162327200E+00
 -1.511422537829E+00 -5.517756404468E-02 -1.566600101874E+00
 -1.527767677173E+00 -4.736309664467E-02 -1.575130773818E+00
 -1.430320901755E+00 -1.269963033306E-01 -1.557317205086E+00
 -1.458565545206E+00 -1.132857456543E-01 -1.571851290860E+00
 -1.291926151968E+00 -2.431293742146E-01 -1.535055526182E+00
 -1.338216339518E+00 -2.204757067778E-01 -1.558692046295E+00
